clc;
close all;
clear all;
figure(1)
y=[0,1,0,1,0;1,0,1,0,1;0,1,0,1,0;1,0,1,0,1;0,1,0,1,0];
subplot(2,2,1);
imshow(y);
title('ChessBoard');

y=[0,0,0,0,0;0,1,1,1,0;0,1,1,1,0;0,1,1,1,0;0,0,0,0,0];
subplot(2,2,2);
imshow(y);
title('Boundary');

y=[0,0.25,0.5,0.75,1;0,0.25,0.5,0.75,1;0,0.25,0.5,0.75,1;0,0.25,0.5,0.75,1;0,0.25,0.5,0.75,1];
subplot(2,2,3);
imshow(y);
title('grayscale');

y=[0,1,0,0,0;0,1,1,1,0;0,1,0,0,0;0,1,1,1,0;0,1,0,0,0];
subplot(2,2,4);
imshow(y);
title('13');

figure(2)
y=[0,0,0,0,0;1,1,0,1,1;1,1,0,1,1;1,1,0,1,1;0,0,0,0,0];
subplot(2,2,1);
imshow(y);
title('I');
